sorted arrays: 
|n (size of array) | comparisons | moves | comparisons/n | moves/n | 
|    1000          | 999 | 0 | 0.999 | 0.0 |
|    1000          | 999 | 0 | 0.999 | 0.0 |
|    1000          | 999 | 0 | 0.999 | 0.0 |
|    1000          | 999 | 0 | 0.999 | 0.0 |
|    1000          | 999 | 0 | 0.999 | 0.0 |
|    1000          | 999 | 0 | 0.999 | 0.0 |
|    1000          | 999 | 0 | 0.999 | 0.0 |
|    1000          | 999 | 0 | 0.999 | 0.0 |
|    1000          | 999 | 0 | 0.999 | 0.0 |
|    1000          | 999 | 0 | 0.999 | 0.0 |
|    2000          | 1999 | 0 | 0.9995 | 0.0 |
|    2000          | 1999 | 0 | 0.9995 | 0.0 |
|    2000          | 1999 | 0 | 0.9995 | 0.0 |
|    2000          | 1999 | 0 | 0.9995 | 0.0 |
|    2000          | 1999 | 0 | 0.9995 | 0.0 |
|    2000          | 1999 | 0 | 0.9995 | 0.0 |
|    2000          | 1999 | 0 | 0.9995 | 0.0 |
|    2000          | 1999 | 0 | 0.9995 | 0.0 |
|    2000          | 1999 | 0 | 0.9995 | 0.0 |
|    2000          | 1999 | 0 | 0.9995 | 0.0 |
|    4000          | 3999 | 0 | 0.99975 | 0.0 |
|    4000          | 3999 | 0 | 0.99975 | 0.0 |
|    4000          | 3999 | 0 | 0.99975 | 0.0 |
|    4000          | 3999 | 0 | 0.99975 | 0.0 |
|    4000          | 3999 | 0 | 0.99975 | 0.0 |
|    4000          | 3999 | 0 | 0.99975 | 0.0 |
|    4000          | 3999 | 0 | 0.99975 | 0.0 |
|    4000          | 3999 | 0 | 0.99975 | 0.0 |
|    4000          | 3999 | 0 | 0.99975 | 0.0 |
|    4000          | 3999 | 0 | 0.99975 | 0.0 |
|    8000          | 7999 | 0 | 0.999875 | 0.0 |
|    8000          | 7999 | 0 | 0.999875 | 0.0 |
|    8000          | 7999 | 0 | 0.999875 | 0.0 |
|    8000          | 7999 | 0 | 0.999875 | 0.0 |
|    8000          | 7999 | 0 | 0.999875 | 0.0 |
|    8000          | 7999 | 0 | 0.999875 | 0.0 |
|    8000          | 7999 | 0 | 0.999875 | 0.0 |
|    8000          | 7999 | 0 | 0.999875 | 0.0 |
|    8000          | 7999 | 0 | 0.999875 | 0.0 |
|    8000          | 7999 | 0 | 0.999875 | 0.0 |
|   16000          | 15999 | 0 | 0.9999375 | 0.0 |
|   16000          | 15999 | 0 | 0.9999375 | 0.0 |
|   16000          | 15999 | 0 | 0.9999375 | 0.0 |
|   16000          | 15999 | 0 | 0.9999375 | 0.0 |
|   16000          | 15999 | 0 | 0.9999375 | 0.0 |
|   16000          | 15999 | 0 | 0.9999375 | 0.0 |
|   16000          | 15999 | 0 | 0.9999375 | 0.0 |
|   16000          | 15999 | 0 | 0.9999375 | 0.0 |
|   16000          | 15999 | 0 | 0.9999375 | 0.0 |
|   16000          | 15999 | 0 | 0.9999375 | 0.0 |
As the table above shows, the algorithm is O(n) in comparisons and O(1) in moves. 
randomly sorted arrays: 
|n (size of array) | comparisons | moves | comparisons/n^2 | moves/n^2 | 
|    1000          | 740236 | 725319 | 0.740236 | 0.725319 |
|    1000          | 751553 | 757395 | 0.751553 | 0.757395 |
|    1000          | 758274 | 779058 | 0.758274 | 0.779058 |
|    1000          | 752344 | 758772 | 0.752344 | 0.758772 |
|    1000          | 741896 | 731670 | 0.741896 | 0.73167 |
|    1000          | 751288 | 756069 | 0.751288 | 0.756069 |
|    1000          | 747526 | 749223 | 0.747526 | 0.749223 |
|    1000          | 743502 | 735267 | 0.743502 | 0.735267 |
|    1000          | 754641 | 769566 | 0.754641 | 0.769566 |
|    1000          | 753519 | 762720 | 0.753519 | 0.76272 |
|    2000          | 2995357 | 2996760 | 0.74883926 | 0.74919 |
|    2000          | 2976392 | 2932959 | 0.744098 | 0.73323977 |
|    2000          | 2986336 | 2967342 | 0.746584 | 0.7418355 |
|    2000          | 2992139 | 2993997 | 0.7480348 | 0.7484993 |
|    2000          | 2973109 | 2924028 | 0.74327725 | 0.731007 |
|    2000          | 2985137 | 2981679 | 0.74628425 | 0.74541974 |
|    2000          | 2985029 | 2961939 | 0.74625725 | 0.7404848 |
|    2000          | 2994608 | 2988327 | 0.748652 | 0.74708176 |
|    2000          | 3016966 | 3059403 | 0.7542415 | 0.76485074 |
|    2000          | 3022662 | 3071040 | 0.7556655 | 0.76776 |
|    4000          | 11935157 | 11818950 | 0.7459473 | 0.73868436 |
|    4000          | 11902463 | 11713881 | 0.74390393 | 0.73211753 |
|    4000          | 12026570 | 12092589 | 0.75166065 | 0.75578684 |
|    4000          | 12026820 | 12087105 | 0.75167626 | 0.75544405 |
|    4000          | 11995436 | 12000666 | 0.74971473 | 0.7500416 |
|    4000          | 11993115 | 11992005 | 0.7495697 | 0.74950033 |
|    4000          | 11990553 | 11991654 | 0.74940956 | 0.7494784 |
|    4000          | 11941129 | 11837958 | 0.74632055 | 0.7398724 |
|    4000          | 11945432 | 11844315 | 0.7465895 | 0.74026966 |
|    4000          | 11950898 | 11876040 | 0.74693114 | 0.7422525 |
|    8000          | 48042288 | 48163677 | 0.7506608 | 0.75255746 |
|    8000          | 47920499 | 47786085 | 0.74875784 | 0.74665755 |
|    8000          | 48119321 | 48372093 | 0.7518644 | 0.75581396 |
|    8000          | 47804564 | 47433810 | 0.74694633 | 0.74115324 |
|    8000          | 47954473 | 47876643 | 0.7492886 | 0.74807256 |
|    8000          | 48057576 | 48218736 | 0.7508996 | 0.75341773 |
|    8000          | 47894532 | 47709024 | 0.74835205 | 0.7454535 |
|    8000          | 47945487 | 47876427 | 0.74914825 | 0.74806917 |
|    8000          | 48271852 | 48841263 | 0.75424767 | 0.76314473 |
|    8000          | 48045739 | 48259809 | 0.75071466 | 0.7540595 |
|   16000          | 191440137 | 190359282 | 0.74781305 | 0.74359095 |
|   16000          | 191851104 | 191632353 | 0.7494184 | 0.7485639 |
|   16000          | 191789763 | 191429586 | 0.74917877 | 0.7477718 |
|   16000          | 191648173 | 191012154 | 0.7486257 | 0.74614125 |
|   16000          | 191924466 | 191850714 | 0.74970496 | 0.7494169 |
|   16000          | 191983940 | 192018441 | 0.74993724 | 0.75007206 |
|   16000          | 191821734 | 191558889 | 0.74930364 | 0.74827695 |
|   16000          | 191935825 | 191860275 | 0.7497493 | 0.7494542 |
|   16000          | 192300577 | 192937230 | 0.75117415 | 0.75366104 |
|   16000          | 192296534 | 192918267 | 0.7511583 | 0.753587 |
As the table above shows, the algorithm is O(n^2) in comparisons and O(n^2) in moves. 
The number of moves and comparisons never deviates more than 4% from 0.75*n^2 
